17
0
11
25
6
4
17
19
7
27
18
16
1
21
18
29
10
6
25
3
10
1
5
16
9
2
17
5
8
28
5
7
5
9
12
14
0
3
19
16
2
9
19
8
30
3
15
31
15
30
31
10
29
14
24
17
11
5
12
26
14
22
28
25
9
15
8
4
0
15
9
26
17
17
8
26
28
20
28
11
0
20
15
2
7
19
22
3
13
27
28
28
2
13
30
19
28
25
14
5
31
20
22
19
12
31
1
3
18
9
19
5
31
17
14
0
24
16
12
17
28
15
31
11
22
9
9
7
1
28
23
2
8
18
4
16
1
27
14
22
21
27
22
19
4
23
17
11
20
24
24
19
31
17
2
7
7
21
12
20
6
26
12
12
19
20
29
7
3
7
2
25
26
18
4
8
1
20
22
25
28
15
16
29
14
30
3
7
21
14
18
27
4
25
4
10
26
10
1
20
24
3
12
20
1
27
14
21
8
13
0
2
7
29
30
24
9
28
4
0
28
18
14
14
27
0
23
15
27
21
25
23
2
2
11
26
13
8
5
9
3
4
26
12
9
19
6
6
4
14
11
14
3
31
18
21
26
26
25
28
25
20
0
29
1
15
17
22
29
2
24
8
0
30
29
5
19
13
10
23
21
21
15
9
13
23
0
26
30
25
4
21
1
6
17
22
15
2
6
1
5
26
29
17
11
31
7
4
22
25
25
26
18
26
19
8
15
10
30
21
15
2
11
27
13
30
7
29
21
9
27
31
13
21
30
30
28
10
0
31
12
21
3
23
27
7
27
18
12
22
14
30
19
19
21
16
30
2
0
27
29
24
6
12
3
18
18
10
25
18
5
26
20
17
1
21
23
28
30
19
31
1
27
20
22
29
24
19
24
0
7
22
29
22
10
3
23
27
15
29
23
23
26
10
25
16
3
15
20
12
23
26
12
13
20
20
11
2
26
28
5
1
14
31
16
13
2
15
30
31
20
5
20
9
4
20
8
5
25
6
23
13
21
14
1
28
4
13
25
13
24
7
13
3
22
16
4
0
13
9
28
20
18
15
18
17
14
1
11
16
19
22
7
24
26
22
27
23
9
22
30
23
2
29
8
9
30
16
30
31
16
30
21
16
28
22
13
16
11
8
0
16
21
2
26
13
10
18
12
24
25
9
15
6
0
25
3
3
10
10
6
26
30
17
0
7
30
1
17
0
22
25
10
30
0
1
25
0
6
27
17
13
12
29
9
16
0
17
7
25
28
13
19
29
14
19
15
27
18
31
3
0
10
1
7
26
28
18
9
11
22
7
28
19
29
2
17
31
21
18
2
22
18
13
17
28
20
11
3
24
27
17
22
19
17
4
0
27
16
0
12
25
4
7
27
7
10
21
24
6
6
7
5
11
26
4
14
8
11
20
10
26
30
29
1
6
24
16
13
27
23
1
6
19
19
13
26
23
21
27
15
8
6
1
9
2
13
21
16
3
16
27
18
15
13
29
16
16
19
3
26
2
3
3
24
20
3
12
13
5
16
31
10
6
13
3
29
16
25
18
2
27
28
31
11
5
17
11
22
30
10
18
12
2
29
11
20
19
10
15
14
24
6
10
11
29
10
9
13
29
2
3
21
1
30
28
31
15
18
22
15
18
14
18
25
19
0
23
31
5
8
23
31
1
9
17
18
10
12
5
6
11
11
23
14
15
30
0
23
26
15
29
14
30
13
14
8
6
21
8
23
24
29
0
17
8
5
7
26
31
18
8
1
22
21
3
23
22
8
10
11
29
7
15
16
8
14
31
23
6
19
1
20
29
11
17
9
28
23
12
17
27
21
22
8
14
9
0
5
7
25
10
13
24
3
4
4
17
25
29
20
5
11
7
10
1
24
7
16
19
8
11
9
24
11
16
24
10
7
2
30
9
18
2
5
3
12
25
17
3
25
21
24
13
5
19
2
13
27
24
27
18
12
9
15
17
9
7
30
7
28
0
30
30
23
8
20
31
5
5
14
28
16
23
1
18
5
6
7
6
23
21
12
24
7
21
4
25
10
6
17
4
11
16
4
23
12
4
0
19
12
20
30
29
1
29
7
4
11
28
14
17
20
10
9
6
13
10
11
14
11
26
9
15
21
4
10
20
9
3
24
28
28
10
28
8
25
17
20
4
3
2
24
15
9
24
15
27
5
28
14
2
27
26
12
15
6
29
8
8
27
9
16
13
22
8
9
15
14
1
31
14
21
9
8
5
28
11
0
19
6
11
25
17
23
22
31
9
0
2
15
24
25
31
8
27
6
5
24
16
2
15
4
23
3
5
19
15
29
18
19
26
22
20
1
27
24
3
7
17
16
12
19
30
11
25
5
2
8
12
27
23
2
21
20
15
8
3
10
23
23
11
13
28
26
16
0
26
8
15
4
1
6
19
5
27
27
21
18
12
5
23
6
31
24
28
20
12
4
3
22
22
23
28
22
1
0
5
4
4
11
13
18
6
1
31
12
2
11
7
6
31
1
23
8
12
31
17
20
6
26
13
18
16
26
4
22
2
12
5
18
12
1
21
10
8
0
6
24
6
14
3
5
4
30
14
13
31
8
8
24
20
30
16
1
0
29
18
27
26
6
19
12
30
10
1
29
22
5
29
30
25
12
31
14
4
2
0
25
4
3
22
10
31
21
14
21
24
31
25
2
13
7
31
29
16
26
4
9
20
14
12
10
7
4
24
20
6
11
14
